<?xml version="1.0" encoding="UTF-8"?>
<document version="2.0.0">
  <chunk label="Chunk 1" enabled="true">
    <sensors next_id="1">
      <sensor id="0" label="GoPro Max (3mm)" type="spherical">
        <resolution width="5760" height="2880"/>
        <property name="layer_index" value="0"/>
        <bands>
          <band label="Red"/>
          <band label="Green"/>
          <band label="Blue"/>
        </bands>
        <data_type>uint8</data_type>
        <black_level>0 0 0</black_level>
        <sensitivity>1 1 1</sensitivity>
        <meta>
          <property name="Exif/BodySerialNumber" value="C3351324900356"/>
          <property name="Exif/Make" value="GoPro"/>
          <property name="Exif/Model" value="GoPro Max"/>
          <property name="Exif/Software" value="H19.03.02.02.00"/>
        </meta>
      </sensor>
    </sensors>
    <components next_id="1" active_id="0">
      <component id="0" label="Component 1">
        <region>
          <center>0.13907305867420924 -0.44383079851313778 -1.5539481654414566</center>
          <size>9.4594750483830765 9.5511663993199676 4.6500356038411459</size>
          <R>-0.73931009266171221 -0.031006209671992285 -0.67265087664427159 -0.67310630608095767 0.0063358960923762843 0.73951859823452382 -0.018667822652333545 0.99949911024596871 -0.025554667185036073</R>
        </region>
        <partition/>
      </component>
    </components>
    <cameras next_id="15" next_group_id="0">
      <camera id="0" sensor_id="0" component_id="0" label="1_frame_1">
        <transform>0.99079849598186032 0.0064307342615107675 0.13519240369540544 -0.85943409388018854 0.0043084621532663049 -0.99986295090109856 0.01598488564929167 -0.20760903109663459 0.13527667025011192 -0.015255329305029455 -0.99069041451597672 -2.9496325931535079 0 0 0 1</transform>
        <orientation>1</orientation>
      </camera>
      <camera id="1" sensor_id="0" component_id="0" label="1_frame_2">
        <transform>0.99157724036697314 0.01551365188999692 0.12858422528153965 -1.0318190949203836 0.0092660679720511872 -0.9987536327503308 0.049044072550666618 -0.13029432567969843 0.12918481478314339 -0.04743951594455581 -0.99048512152196999 -1.8464505330679455 0 0 0 1</transform>
        <rotation_covariance>2.0697233327104548e-08 1.0356000427678683e-09 -4.3661267736400964e-09 1.0356000427678685e-09 2.8149340510635925e-08 8.8395800913339611e-10 -4.3661267736400972e-09 8.8395800913339652e-10 3.1254824170616604e-08</rotation_covariance>
        <location_covariance>2.3625818970179776e-07 6.4046164423080969e-08 -8.283103327550402e-09 6.4046164423080969e-08 1.1496933310507131e-07 1.8962873841321396e-08 -8.283103327550402e-09 1.8962873841321396e-08 4.2803640293920245e-07</location_covariance>
        <orientation>1</orientation>
      </camera>
      <camera id="2" sensor_id="0" component_id="0" label="1_frame_3">
        <transform>0.99310151721737339 0.005994298393360009 0.11710441873525342 -0.75821773403667259 0.0035751844145486497 -0.99977607883231578 0.020856899364027882 -0.044190839713222373 0.11720321905541746 -0.020294348510128991 -0.99290057148820177 -0.73770713156221912 0 0 0 1</transform>
        <rotation_covariance>3.066041073591895e-08 -1.4697843042757719e-09 -6.4177195359085067e-09 -1.4697843042757719e-09 3.3632684462770461e-08 -6.4339859266858019e-10 -6.4177195359085067e-09 -6.4339859266857978e-10 4.1960021398532664e-08</rotation_covariance>
        <location_covariance>3.6668815466948297e-07 5.8350495234155917e-08 1.1792096609655089e-07 5.8350495234155917e-08 1.9091583352920053e-07 -1.5333606969142683e-08 1.1792096609655089e-07 -1.5333606969142683e-08 5.9493295010785546e-07</location_covariance>
        <orientation>1</orientation>
      </camera>
      <camera id="3" sensor_id="0" component_id="0" label="1_frame_4">
        <transform>0.99999382991905095 -0.0013080005163551263 0.0032602543576529157 -0.007058359598465274 -0.0012979493081484367 -0.99999440469883516 -0.0030831637349332808 0.010810374298719973 0.0032642688953052087 0.003078913066675848 -0.99998993237077527 -0.0045221469358615726 0 0 0 1</transform>
        <rotation_covariance>3.7093207824097429e-08 1.1299457778542623e-09 -2.7742442596049361e-09 1.1299457778542625e-09 3.8754833795084431e-08 -3.5527741311632764e-09 -2.7742442596049361e-09 -3.5527741311632764e-09 4.3852215062402585e-08</rotation_covariance>
        <location_covariance>5.491299477010238e-07 6.5659161185157638e-08 1.8850750804013904e-07 6.5659161185157638e-08 2.6116100571982129e-07 2.3134713527380345e-08 1.8850750804013904e-07 2.3134713527380345e-08 7.5880142608236721e-07</location_covariance>
        <orientation>1</orientation>
      </camera>
      <camera id="4" sensor_id="0" component_id="0" label="1_frame_5">
        <transform>0.99995663530696355 -0.0057161448766462767 0.0073520876849327618 0.95438431387696787 -0.0054978018269441747 -0.99955310468959702 -0.02938307472780366 -0.0095312450764572631 0.0075167599834901414 0.029341380218681823 -0.99954118560778349 -0.29349314550537631 0 0 0 1</transform>
        <rotation_covariance>3.4293430223778765e-08 4.7721193574579941e-09 -4.2077558985285072e-09 4.7721193574579932e-09 3.8488203684616552e-08 -2.0611071148063911e-09 -4.2077558985285064e-09 -2.0611071148063911e-09 4.3387275820493792e-08</rotation_covariance>
        <location_covariance>7.6026010271762511e-07 4.4153510306005504e-08 2.9591049271040388e-07 4.4153510306005504e-08 2.3424819340132218e-07 -2.0698915572470902e-08 2.9591049271040388e-07 -2.0698915572470902e-08 7.9376776716908037e-07</location_covariance>
        <orientation>1</orientation>
      </camera>
      <camera id="5" sensor_id="0" component_id="0" label="1_frame_6">
        <transform>0.99209608182402653 -3.3199384423643341e-05 0.12548052967379561 0.52709674560939002 0.0057207326088257893 -0.99894820620199409 -0.045494555105374257 -0.046244107619840165 0.12535006042213839 0.045852810422246371 -0.99105241139333655 -0.8277269127582465 0 0 0 1</transform>
        <rotation_covariance>2.8367934854845888e-08 2.313740765593617e-09 -5.2464092361546427e-09 2.313740765593617e-09 3.0669990111681677e-08 -1.2746195080851786e-09 -5.2464092361546443e-09 -1.2746195080851794e-09 3.660694757311945e-08</rotation_covariance>
        <location_covariance>4.8071430735805261e-07 1.8720416512966841e-08 1.8905830813692992e-07 1.8720416512966841e-08 1.2837348762812215e-07 -5.8286654088429542e-09 1.8905830813692992e-07 -5.8286654088429542e-09 5.439544850681084e-07</location_covariance>
        <orientation>1</orientation>
      </camera>
      <camera id="6" sensor_id="0" component_id="0" label="1_frame_7">
        <transform>0.99893537640506591 0.0046778022388187573 0.045893702538405301 1.8146947784636174 0.0063373420678796821 -0.99932874123299209 -0.036081921251476481 0.020064248874442744 0.045694111896214917 0.036334351678509007 -0.9982944771088933 -0.047561412760204605 0 0 0 1</transform>
        <rotation_covariance>4.3497659843310566e-08 7.6980490964039841e-09 -2.8552959663025129e-09 7.6980490964039841e-09 5.1153582811228932e-08 -1.0479084783625168e-09 -2.8552959663025137e-09 -1.0479084783625166e-09 5.9321744221665966e-08</rotation_covariance>
        <location_covariance>1.4141556092112072e-06 7.2404459074529716e-08 5.0296382177576851e-07 7.2404459074529716e-08 4.6898898572584444e-07 -3.6380844889498312e-08 5.0296382177576851e-07 -3.6380844889498312e-08 1.0926158394730307e-06</location_covariance>
        <orientation>1</orientation>
      </camera>
      <camera id="7" sensor_id="0" component_id="0" label="1_frame_8">
        <transform>0.9999818987843625 -0.0015728899148819129 0.0058075916641133095 2.1021687274549881 -0.001179822100074712 -0.99774722037412433 -0.067075273055880125 -0.059869832386540915 0.0059000104604645326 0.067067206986905437 -0.99773101566681888 -1.0666280680600251 0 0 0 1</transform>
        <rotation_covariance>3.4461732828243383e-08 6.891775587403286e-09 -2.3194167316124078e-09 6.8917755874032869e-09 6.5191321503021042e-08 -9.6326928564734425e-10 -2.3194167316124082e-09 -9.6326928564734466e-10 6.1846290359882505e-08</rotation_covariance>
        <location_covariance>1.4340228135818591e-06 -2.3179292115871178e-08 2.3018122767901141e-07 -2.3179292115871178e-08 3.781550276059966e-07 -4.5493112839968565e-08 2.3018122767901141e-07 -4.5493112839968565e-08 1.0973056084298869e-06</location_covariance>
        <orientation>1</orientation>
      </camera>
      <camera id="8" sensor_id="0" component_id="0" label="1_frame_9">
        <transform>0.99627467052488172 -0.003555548504853949 0.086163443207475474 1.7100651419576707 0.0012593595204544641 -0.99844327197430416 -0.05576241263471271 -0.13052160585479017 0.086227576123514352 0.055663190027839149 -0.99471926411012468 -2.0626863821610595 0 0 0 1</transform>
        <rotation_covariance>3.250333015725337e-08 2.9308094666565687e-09 -5.2416203482973385e-09 2.9308094666565683e-09 4.6664476320205936e-08 -2.8670393113342602e-09 -5.2416203482973393e-09 -2.8670393113342606e-09 5.3094000463715286e-08</rotation_covariance>
        <location_covariance>1.0683442070785366e-06 -5.3529806204082743e-08 2.2227966904164437e-07 -5.3529806204082743e-08 2.7993871424236715e-07 2.6704407649643737e-08 2.2227966904164437e-07 2.6704407649643737e-08 5.9111984567131134e-07</location_covariance>
        <orientation>1</orientation>
      </camera>
      <camera id="9" sensor_id="0" component_id="0" label="1_frame_10">
        <transform>0.98844345624079955 0.0099100055190679669 0.15126574498330436 1.9320695575796096 0.011426363219682973 -0.99989277407684496 -0.009158524580045211 -0.17412954943202083 0.15115876434502201 0.010781101034841607 -0.98845070480128772 -2.7508777607204471 0 0 0 1</transform>
        <rotation_covariance>3.6019910634275157e-08 1.2453994146605417e-09 -3.4343257533900822e-09 1.2453994146605417e-09 4.7164543949180021e-08 -8.2592633773479721e-10 -3.4343257533900822e-09 -8.2592633773479721e-10 5.6864377824993603e-08</rotation_covariance>
        <location_covariance>1.2990094874940872e-06 -5.1055407231893947e-08 1.1101674242149732e-07 -5.1055407231893947e-08 3.4914652558327088e-07 -8.9303655263227088e-09 1.1101674242149732e-07 -8.9303655263227088e-09 3.6819682854849567e-07</location_covariance>
        <orientation>1</orientation>
      </camera>
      <camera id="10" sensor_id="0" component_id="0" label="1_frame_11">
        <transform>0.97665226228380009 -0.00019845762740562656 0.21482625349455339 0.82108560674459885 0.014086710621369753 -0.99778821685474928 -0.064963365750928537 -0.10366621894628024 0.21436399688335209 0.066472813393064767 -0.97448932365614194 -1.8265586405228273 0 0 0 1</transform>
        <rotation_covariance>2.7036239113431553e-08 1.9673440790802491e-09 -5.5392241156021644e-09 1.9673440790802491e-09 2.8699746687490855e-08 -5.2252086342941893e-10 -5.539224115602166e-09 -5.2252086342941976e-10 3.5033756824347978e-08</rotation_covariance>
        <location_covariance>5.9356453201889138e-07 -9.7675957072848096e-09 1.7293088664785345e-07 -9.7675957072848096e-09 1.143221202269451e-07 1.4306064872078269e-08 1.7293088664785345e-07 1.4306064872078269e-08 3.7197896209944598e-07</location_covariance>
        <orientation>1</orientation>
      </camera>
      <camera id="11" sensor_id="0" component_id="0" label="1_frame_12">
        <transform>0.98539902758886311 0.0048608409690771986 0.17019144705888289 0.10841798212229578 0.013639675973251681 -0.9986333951151799 -0.050450980169609139 -0.10752999465717707 0.16971362840463899 0.052035702991340305 -0.98411867676003872 -1.8739093003434515 0 0 0 1</transform>
        <rotation_covariance>2.5117739094711803e-08 2.1344773521368931e-09 -6.3042925110825438e-09 2.134477352136894e-09 2.3661828092949768e-08 1.2987729513432877e-10 -6.3042925110825447e-09 1.2987729513432836e-10 3.3934792169495282e-08</rotation_covariance>
        <location_covariance>3.7687708454050457e-07 1.3616445210785623e-08 1.4668307161057153e-07 1.3616445210785623e-08 8.8571545221679439e-08 1.2279129986864687e-08 1.4668307161057153e-07 1.2279129986864687e-08 3.3902341737882911e-07</location_covariance>
        <orientation>1</orientation>
      </camera>
      <camera id="12" sensor_id="0" component_id="0" label="1_frame_13">
        <transform>0.99075034387522121 0.0027763171043594659 0.13566889169764304 -0.24108792273377491 0.008903383437545459 -0.99896631863934271 -0.044576047239787142 -0.16369056511388583 0.13540489605067757 0.045371646294748269 -0.98975094232741689 -2.7434997698939867 0 0 0 1</transform>
        <rotation_covariance>1.9174951372805887e-08 6.5368658357132935e-10 -5.0841616977847554e-09 6.5368658357132935e-10 1.8594902500857961e-08 -4.2072848356880551e-10 -5.0841616977847562e-09 -4.2072848356880562e-10 2.6733406946690489e-08</rotation_covariance>
        <location_covariance>3.4473996364925941e-07 1.8775329025675964e-08 7.6760620054351437e-08 1.8775329025675964e-08 7.1349100964439845e-08 6.2172483715460012e-09 7.6760620054351437e-08 6.2172483715460012e-09 1.0941851800291211e-07</location_covariance>
        <orientation>1</orientation>
      </camera>
      <camera id="13" sensor_id="0" component_id="0" label="1_frame_14">
        <transform>0.91176223390069122 0.013332493891737685 0.41050197738749972 0.92914003323958338 0.029207389179532528 -0.99904732995084489 -0.032424696381051776 -0.20324820489597012 0.40967860238208181 0.041553304618463627 -0.91128303266633304 -3.2037709866218873 0 0 0 1</transform>
        <rotation_covariance>4.7640775016204833e-08 1.6650071114530565e-10 -1.9257225594534901e-09 1.6650071114530565e-10 4.9244127488875638e-08 1.1000372860769092e-09 -1.9257225594534901e-09 1.100037286076909e-09 5.54657607083788e-08</rotation_covariance>
        <location_covariance>8.7655606201613097e-07 4.9742773745561414e-09 -1.2507694701771153e-08 4.9742773745561414e-09 2.9876931534764199e-07 -9.7086026170510166e-09 -1.2507694701771153e-08 -9.7086026170510166e-09 2.8554541206679135e-07</location_covariance>
        <orientation>1</orientation>
      </camera>
      <camera id="14" sensor_id="0" component_id="0" label="1_frame_15">
        <transform>0.93549754635265869 0.00081383016434849464 0.35333224937531471 -1.3390146730124384 0.022070038332936612 -0.99817925983290501 -0.056134469334057746 0.063400682805028863 0.35264323923214347 0.06031171461579532 -0.93381220965671896 0.25470584172753208 0 0 0 1</transform>
        <rotation_covariance>8.3084929343533773e-08 -2.7323100504200215e-08 -9.4263912651690905e-09 -2.7323100504200218e-08 9.2299233668517481e-08 6.2688459747683033e-10 -9.4263912651690922e-09 6.2688459747682867e-10 5.1902693251940106e-08</rotation_covariance>
        <location_covariance>1.424146253877393e-06 -4.3113209552442234e-07 2.4960967367204335e-07 -4.311320955244224e-07 1.1230194219742947e-06 -1.5950617036753263e-07 2.4960967367204341e-07 -1.5950617036753261e-07 5.0848459600851871e-08</location_covariance>
        <orientation>1</orientation>
      </camera>
    </cameras>
    <reference>LOCAL_CS["Local Coordinates (m)",LOCAL_DATUM["Local Datum",0],UNIT["metre",1,AUTHORITY["EPSG","9001"]]]</reference>
    <region>
      <center>0.13907305867420924 -0.44383079851313778 -1.5539481654414566</center>
      <size>9.4594750483830765 9.5511663993199676 4.6500356038411459</size>
      <R>-0.73931009266171221 -0.031006209671992285 -0.67265087664427159 -0.67310630608095767 0.0063358960923762843 0.73951859823452382 -0.018667822652333545 0.99949911024596871 -0.025554667185036073</R>
    </region>
    <settings>
      <property name="accuracy_tiepoints" value="1"/>
      <property name="accuracy_cameras" value="10"/>
      <property name="accuracy_cameras_ypr" value="10"/>
      <property name="accuracy_markers" value="0.0050000000000000001"/>
      <property name="accuracy_scalebars" value="0.001"/>
      <property name="accuracy_projections" value="0.5"/>
    </settings>
    <meta>
      <property name="AlignCameras/adaptive_fitting" value="false"/>
      <property name="AlignCameras/duration" value="0.765828"/>
      <property name="AlignCameras/min_image" value="2"/>
      <property name="AlignCameras/ram_used" value="1589248"/>
      <property name="AlignCameras/reset_alignment" value="false"/>
      <property name="AlignCameras/subdivide_task" value="true"/>
      <property name="Info/LastSavedDateTime" value="2025:07:20 12:16:18"/>
      <property name="Info/LastSavedSoftwareVersion" value="2.1.3.18946"/>
      <property name="OptimizeCameras/sigma0" value="0.517309433873742"/>
    </meta>
  </chunk>
</document>
